0.016612956300377846
0.01649443618953228
0.01717083714902401
0.01716664806008339
0.01719622127711773
0.017210038378834724
0.017656676471233368
0.017673799768090248
0.017664119601249695
0.01767539046704769
0.017683718353509903
0.017683550715446472
0.01766320876777172
0.0169632937759161
0.016991060227155685
0.016936400905251503
0.016932127997279167
0.01696143113076687
0.01692248322069645
0.016671808436512947
0.016665173694491386
0.01819034479558468
0.01817202940583229
0.018162282183766365
0.01814982295036316
0.0181684959679842
0.018156304955482483
0.018384870141744614
0.018360784277319908
0.018369264900684357
0.018385501578450203
0.018355712294578552
0.01837565191090107
0.018379611894488335
0.018377071246504784
0.017557594925165176
0.017590077593922615
0.017549997195601463
0.017521975561976433
0.017519855871796608
0.017556875944137573
0.01756599359214306
0.01828361302614212
0.01823948509991169
0.018297815695405006
0.018274923786520958
0.01824062317609787
0.018282631412148476
0.01758216693997383
0.017522042617201805
0.017546530812978745
0.017587093636393547
0.01756485365331173
0.017547911033034325
0.017564384266734123
0.017994606867432594
0.01797611452639103
0.017948733642697334
0.017974037677049637
0.01816512644290924
0.01810547709465027
0.018138187006115913
0.018121883273124695
0.018113963305950165
0.01814103126525879
0.018135717138648033
0.018110858276486397
0.01722894422709942
0.0172265637665987
0.017235904932022095
0.017187057062983513
0.01722113974392414
0.017208365723490715
0.01722010225057602
0.01775117963552475
0.01772967539727688
0.01780441589653492
0.017767542973160744
0.01769757829606533
0.017767732962965965
0.017763886600732803
0.018541866913437843
0.018484016880393028
0.018494509160518646
0.018519503995776176
0.018474208191037178
0.018478374928236008
0.018466560170054436
0.018423663452267647
0.018451770767569542
0.018459158018231392
0.01845378614962101
0.018454721197485924
0.01749490387737751
0.017515424638986588
0.01751360483467579
0.017499279230833054
0.017487620934844017
0.01748390682041645
0.017333099618554115
0.016990920528769493
0.01702381856739521
0.0169904213398695
0.017330989241600037
0.017342129722237587
0.01736348122358322
0.017349764704704285
0.01734677329659462
0.01735948957502842
0.017507558688521385
0.014706326648592949
0.01523137092590332
0.015235121361911297
0.015244428999722004
0.015254288911819458
0.015231719240546227
0.015306022949516773
0.015314358286559582
0.01529131643474102
0.015303172171115875
0.018598608672618866
0.018761886283755302
0.018762262538075447
0.01877111755311489
0.018761461600661278
0.018765782937407494
0.018772639334201813
0.018793048337101936
0.018794776871800423
0.018801389262080193
0.03921119496226311
0.03920557722449303
0.03921288624405861
0.04006630554795265
0.04008617624640465
0.04011081904172897
0.04006854072213173
0.04012534022331238
0.04013676568865776
0.04012291878461838
0.017741462215781212
0.01773771271109581
0.017751337960362434
0.016610953956842422
0.01661592721939087
0.01661546528339386
0.01661006733775139
0.01661032624542713
0.016625352203845978
0.01787812076508999
0.016779635101556778
0.016774076968431473
0.0167697723954916
0.016765812411904335
0.01676896959543228
0.01676142029464245
0.015718765556812286
0.015726694837212563
0.01572985015809536
0.015726139768958092
0.018150409683585167
0.018152106553316116
0.018140267580747604
0.018147455528378487
0.018154272809624672
0.01665797084569931
0.016656598076224327
0.016663843765854836
0.01666814088821411
0.016661321744322777
0.016253506764769554
0.016282157972455025
0.016302267089486122
0.016306066885590553
0.01629752852022648
0.016300959512591362
0.016300929710268974
0.01629219576716423
0.0165740717202425
0.016570569947361946
0.014673078432679176
0.014673384837806225
0.014665436930954456
0.014663716778159142
0.014666011556982994
0.014673039317131042
0.01470754574984312
0.014701463282108307
0.014704840257763863
0.014710895717144012
0.014797818847000599
0.014793788082897663
0.014783794060349464
0.014802910387516022
0.014793872833251953
0.014785483479499817
0.014798080548644066
0.014796426519751549
0.014788555912673473
0.014797228388488293
0.01376754604279995
0.013773566111922264
0.013770692050457
0.013773893006145954
0.013780146837234497
0.013771223835647106
0.014620810747146606
0.014615116640925407
0.014614025130867958
0.014606960117816925
0.022786574438214302
0.022786227986216545
0.022812113165855408
0.022805282846093178
0.022793611511588097
0.021745868027210236
0.021733000874519348
0.021717503666877747
0.0217319056391716
0.02171042375266552
0.02604890801012516
0.026024293154478073
0.026042426005005836
0.02603032812476158
0.025602256879210472
0.025593936443328857
0.025591939687728882
0.025584751740098
0.02556988224387169
0.02558603510260582
0.025923630222678185
0.02594580315053463
0.025966009125113487
0.025921707972884178
0.026320362463593483
0.0263250470161438
0.02631065808236599
0.026323547586798668
0.026296859607100487
0.026308272033929825
0.026430580765008926
0.026456370949745178
0.02644500695168972
0.026436885818839073
0.026430288329720497
0.026056591421365738
0.026080917567014694
0.02605091966688633
0.02608872950077057
0.0260404534637928
0.04591772332787514
0.04591495171189308
0.04590936005115509
0.045906875282526016
0.04596174880862236
0.044298212975263596
0.04431713744997978
0.04426264390349388
0.04436536133289337
0.04435960575938225
0.044621746987104416
0.0445307195186615
0.04457390680909157
0.044595662504434586
0.04454752802848816
0.04457516968250275
0.04457126185297966
0.044417720288038254
0.04440602660179138
0.04427821561694145
0.04006728157401085
0.04016923904418945
0.040201835334300995
0.04013696312904358
0.04215782880783081
0.042187273502349854
0.0422232560813427
0.04225288704037666
0.04226939007639885
0.042151134461164474
0.04412198066711426
0.044188085943460464
0.044095221906900406
0.04411778226494789
0.0441301055252552
0.0440867654979229
0.044433459639549255
0.044416919350624084
0.04444711282849312
0.0444694422185421
0.07046443223953247
0.07028745859861374
0.07083827257156372
0.0706663504242897
0.07178475707769394
0.07189816236495972
0.07224728912115097
0.07215876877307892
0.07174140959978104
0.0720917358994484
0.08818018436431885
0.08777443319559097
0.08752045035362244
0.08540866523981094
0.08521031588315964
0.08573722839355469
0.08584854751825333
0.08579191565513611
0.08514656871557236
0.08382269740104675
0.07244645059108734
0.07220182567834854
0.07184913754463196
0.07242721319198608
0.0739378035068512
0.07298267632722855
0.07361672073602676
0.07348233461380005
0.07345456629991531
0.07254952937364578
0.07817915827035904
0.07831204682588577
0.07820290327072144
0.07835143059492111
0.07824979722499847
0.078761987388134
0.07824891060590744
0.07867088168859482
0.07828181982040405
0.07992183417081833
0.09823977947235107
0.09829960018396378
0.0990089550614357
0.0985104963183403
0.10114896297454834
0.10196498781442642
0.10101956129074097
0.10158002376556396
0.09574349969625473
0.09670452028512955
0.09863590449094772
0.09941261261701584
0.09952729940414429
0.10454325377941132
0.10424290597438812
0.10411586612462997
0.10408612340688705
0.10378117859363556
0.1034405380487442
0.09953591227531433
0.028273185715079308
0.028238648548722267
0.028241802006959915
0.030700206756591797
0.03071863390505314
0.030645161867141724
0.030630644410848618
0.03068613074719906
0.030746782198548317
0.029425647109746933
