0.0018873916706070304
0.001890921383164823
0.0018875310197472572
0.002109937835484743
0.002112502232193947
0.002102769212797284
0.0021134342532604933
0.002112164394930005
0.0019537012558430433
0.0019554258324205875
0.0019558342173695564
0.0019548863638192415
0.0019543091766536236
0.001957676373422146
0.002052053576335311
0.0020553863141685724
0.00205745710991323
0.0020513462368398905
0.0020288957748562098
0.002027957234531641
0.0020281958859413862
0.0020282124169170856
0.0020293528214097023
0.002026656875386834
0.0020263392943888903
0.001982020912691951
0.0019881378393620253
0.0019879231695085764
0.0019908372778445482
0.002328947652131319
0.0023326226510107517
0.0023317672312259674
0.0023306820075958967
0.002007928444072604
0.002016762737184763
0.0020078273955732584
0.002009301446378231
0.002017509425058961
0.00200871960259974
0.0021151083055883646
0.002126257633790374
0.002128771273419261
0.0021246462129056454
0.0021185604855418205
0.002045844914391637
0.002044566674157977
0.0020441936794668436
0.0020487529691308737
0.0020485534332692623
0.0018411580240353942
0.001839961507357657
0.0018398076063022017
0.0018438315019011497
0.0018401272827759385
0.002012824174016714
0.0020089445170015097
0.002007130766287446
0.0020084830466657877
0.002007364993914962
0.0027642494533210993
0.002774263033643365
0.0027763110119849443
0.0027764274273067713
0.002770693739876151
0.0027720388025045395
0.0019970249850302935
0.001996745588257909
0.0019957132171839476
0.001995674567297101
0.001995759317651391
0.0020429117139428854
0.0020423419773578644
0.002045832807198167
0.0020425531547516584
0.0020446626003831625
0.0021158710587769747
0.0021143259946256876
0.0021134393755346537
0.002114143455401063
0.002113952534273267
0.0021170980762690306
0.0019418231677263975
0.0019452618435025215
0.001942542614415288
0.001941140042617917
0.001940023386850953
0.001910531660541892
0.0019076878670603037
0.001910292194224894
0.0019097275799140334
0.001909449347294867
0.002023896435275674
0.002020846353843808
0.0020227476488798857
0.001829469227232039
0.0018259488278999925
0.0018270643195137382
0.0018249774584546685
0.001826204010285437
0.0018278000643476844
0.0014145883033052087
0.0014162821462377906
0.0014166018227115273
0.0015459504211321473
0.0015469655627384782
0.001545569277368486
0.0015478514833375812
0.0015456201508641243
0.001544472761452198
0.00172718265093863
0.0017260260647162795
0.001728300005197525
0.0017264519119635224
0.0016953902086243033
0.0016941900830715895
0.0016928259283304214
0.0016941709909588099
0.0014989720657467842
0.0014991248026490211
0.0014955255901440978
0.0014993692748248577
0.0014980682171881199
0.0015485194744542241
0.0015479483408853412
0.0015471079386770725
0.0015473602106794715
0.001547125051729381
0.0015980530297383666
0.0015941507881507277
0.0015962610486894846
0.001595169655047357
0.0015959290321916342
0.001596119487658143
0.0016205789288505912
0.0016203320119529963
0.001625929377041757
0.001623282441869378
0.0017206801567226648
0.0017182121518999338
0.0017185466131195426
0.0017183556919917464
0.0014699144521728158
0.0014684473862871528
0.001469265203922987
0.0014688958181068301
0.0015065246261656284
0.0015072246314957738
0.001505807158537209
0.0013026883825659752
0.0013036135351285338
0.0013039506739005446
0.0013044559163972735
0.0014941961271688342
0.001592183136381209
0.001591606647707522
0.0015931889647617936
0.0014207455096766353
0.0013386752689257264
0.0013368168147280812
0.0013363751349970698
0.0013373646652325988
0.0013371234526857734
0.0015600653132423759
0.0015609037363901734
0.0015563907800242305
0.0015475215623155236
0.0015471057267859578
0.0015457590343430638
0.0015460844151675701
0.001548647414892912
0.0014253932749852538
0.00142537837382406
0.0014252378605306149
0.0014260701136663556
0.0014260654570534825
0.0015966069186106324
0.0015987850492820144
0.0014756725868210196
0.001478017889894545
0.0014762054197490215
0.0014776173047721386
0.0014761495403945446
0.0014769424451515079
0.0016111598815768957
0.0016126467380672693
0.0016144027467817068
0.0016147397691383958
0.0016102436929941177
0.0016142691019922495
0.0015213902806863189
0.001519884797744453
0.0015211994759738445
0.001519815414212644
0.0017525432631373405
0.0017507446464151144
0.001751364441588521
0.0017515115905553102
0.0017507979646325111
0.001452738419175148
0.0014513363130390644
0.0017739668255671859
0.0021469343919306993
0.002143782563507557
0.0021456002723425627
0.002146688522771001
0.0021501726005226374
0.0017845196416601539
0.0017881456296890974
0.001786448759958148
0.00178356165997684
0.00178717658855021
0.00178452767431736
0.001738287159241736
0.0017379975179210305
0.0017360324272885919
0.001741293235681951
0.0017353144939988852
0.002011836739256978
0.001998291118070483
0.0018784916028380394
0.0018799740355461836
0.0018803782295435667
0.001878403127193451
0.0018785616848617792
0.0018759578233584762
0.0021398423705250025
0.002140884520485997
0.002143461024388671
0.0021434377413243055
0.002144443802535534
0.0021438521798700094
0.0020999677944928408
0.0020953721832484007
0.002099380362778902
0.002099148230627179
0.0021015030797570944
0.0021044383756816387
0.002101749647408724
0.001747925067320466
0.0017497424269095063
0.0017473872285336256
0.0017477605724707246
0.001748159877024591
0.0021201390773057938
0.002119980752468109
0.0021213681902736425
0.002120746299624443
0.0019806448835879564
0.001982805086299777
0.001981763169169426
0.0020116078667342663
0.0020118094980716705
0.002010903088375926
0.0020125394221395254
0.002013792982324958
0.0018520582234486938
0.0018504556501284242
0.001850302331149578
0.0018511908128857613
0.0018773309420794249
0.0018753284821286798
0.0018760720267891884
0.0020911775063723326
0.002087509958073497
0.002091084374114871
0.002091950038447976
0.0020884021650999784
0.0019975292962044477
0.0019974736496806145
0.001993785845115781
0.001995408209040761
0.001995096215978265
0.0019945676904171705
0.0020279514137655497
0.002027195645496249
0.002026849426329136
0.00202365149743855
0.0020259437151253223
0.0020510766189545393
0.002049432136118412
0.0020546161103993654
0.002050540642812848
0.002048867056146264
0.0020219103898853064
0.002022174187004566
0.00201977975666523
0.002021326217800379
0.0017862243112176657
0.0017859330400824547
0.0017884901026263833
0.0017861860105767846
0.002076652366667986
0.0020757245365530252
0.0020777296740561724
0.002075705910101533
0.002076186938211322
0.002076840726658702
0.0019257009262219071
0.0019266639137640595
0.001928554498590529
0.0014403531095013022
0.0014374699676409364
0.0014410493895411491
0.0014496548101305962
0.0014469303423538804
0.0014503085985779762
0.0014461131067946553
0.001600120565854013
0.001600048504769802
0.0016008581733331084
0.0015986975049600005
0.0016001949552446604
0.0015040887519717216
0.0014997086254879832
0.0015003521693870425
0.001503205276094377
0.0015028663910925388
0.0017683167243376374
0.0017682320903986692
0.0017669133376330137
0.0017686731880530715
0.0017697708681225777
0.0017679535085335374
0.0014218995347619057
0.0014208065113052726
0.0014227317878976464
0.0014212651876732707
0.0014192924136295915
0.0018338983645662665
0.001834650756791234
0.0018345055868849158
0.0018348641460761428
0.0018337747314944863
0.0014737845631316304
0.0014732872368767858
0.0014721322804689407
0.001472311676479876
0.001734918332658708
0.0017333183204755187
0.0017348140245303512
0.0017339164623990655
0.0017330655828118324
0.0017331723356619477
0.0015869524795562029
0.001585035235621035
0.0015858199913054705
0.0015853404765948653
0.0015858806436881423
0.0015836773673072457
0.0014953849604353309
0.0014941053232178092
0.0014928254531696439
0.0014918145025148988
0.0017297860467806458
0.0017311305273324251
0.0017309322720393538
0.001729582087136805
0.001729272655211389
0.001457852777093649
0.0014576088869944215
0.0014570638304576278
0.0014610177604481578
0.0014575024833902717
0.0014580339193344116
0.001602628966793418
0.0016028700629249215
0.0016049991827458143
0.001604644930921495
0.0016032106941565871
0.001471453346312046
0.0014733602292835712
0.001470156479626894
0.0017533566569909453
0.0018302187090739608
0.0014498821692541242
0.0015541743487119675
0.0015520192682743073
0.0015520392917096615
0.0015523828333243728
0.0014356989413499832
0.001437393482774496
0.0014378471532836556
0.0014394483296200633
0.0014391752192750573
0.0014950184850022197
0.0014960188418626785
0.0014976392267271876
0.0014985473826527596
0.0014960329281166196
0.0014961973065510392
0.0014974396908655763
0.0014992994256317616
0.0014703486813232303
0.0014699636958539486
0.0014842936070635915
0.0014868774451315403
0.0014848279533907771
0.0014852654421702027
0.0015668250853195786
0.0015678917989134789
0.0015329900197684765
0.0015334662748500705
0.0015323081752285361
0.0015946984058246017
0.001593687222339213
0.0015939490403980017
0.0015942200552672148
0.001594595960341394
0.0015941562596708536
0.0015949085354804993
0.0015971790999174118
0.0015946138883009553
0.001595949986949563
0.0016540538053959608
0.00165309919975698
0.0016536044422537088
0.0016542263329029083
0.0016563230892643332
0.0015566973015666008
0.001555982860736549
0.0015571638941764832
0.0015603569336235523
0.0015583167551085353
0.001558207324706018
0.001558324322104454
0.0015271754236891866
0.0015255147591233253
0.0015233008889481425
0.001526730484329164
0.0016661668196320534
0.0016675038496032357
0.0016664493596181273
0.0016657726373523474
0.0016632452607154846
0.001665865653194487
0.0015633258735761046
0.00156282854732126
0.0015631351852789521
0.001562246703542769
0.0015617819735780358
0.0016986408736556768
0.0016960138455033302
0.0016978237545117736
0.0016935328021645546
0.0016975256148725748
0.0016958931228145957
0.001612599240615964
0.0016138695646077394
0.0016155249904841185
0.001612611347809434
0.0017583112930878997
0.0017579508712515235
0.0017540191765874624
0.0017554037040099502
0.0017555400263518095
0.0016131304437294602
0.0016108989948406816
0.0016080545028671622
0.0016117118066176772
0.0018358652014285326
0.0018377430969849229
0.0018353692721575499
0.001838653115555644
0.0018379364628344774
0.0015039161080494523
0.0015045669861137867
0.001505229971371591
0.0015063667669892311
0.0015046832850202918
0.0015928935026749969
0.0015921775484457612
0.0016120902728289366
0.0016125751426443458
0.0016131479060277343
0.0016129860887303948
0.0016112902667373419
0.0016122979577630758
0.001689462224021554
0.0016911939019337296
0.0016881857300177217
0.001690002391114831
0.0016070945421233773
0.0016082642832770944
0.0016064841765910387
0.0016071550780907273
0.001606306410394609
0.0016078822081908584
0.0016041401540860534
0.0016043254872784019
0.00160281325224787
0.001535711344331503
0.0015377035597339272
0.0015377093805000186
0.0015365352155640721
0.0015436484245583415
0.001543516176752746
0.0015443976735696197
0.0015436704270541668
0.001545125269331038
0.0015440069837495685
0.0015211240388453007
0.0015203262446448207
0.0015232140431180596
0.001521472935564816
0.0014311651466414332
0.0014297720044851303
0.0014301296323537827
0.0014310129918158054
0.0014110066695138812
0.0014081374974921346
0.00140749616548419
0.0014084529830142856
0.001410859520547092
0.001408805139362812
0.0014090404147282243
0.0014105630107223988
0.0014097903622314334
0.0014097635867074132
0.0014201588928699493
0.0014202706515789032
0.0014201205922290683
0.0014211403904482722
0.0014200183795765042
0.0013303841697052121
0.0013319944264367223
0.0013293069787323475
0.0013315590331330895
0.0015647506806999445
0.0015637049218639731
0.0015631939750164747
0.0015625876840204
0.0015630980487912893
0.0015627946704626083
0.0015917157288640738
0.0015922238817438483
0.0015924740582704544
0.0015923617174848914
0.0014881603419780731
0.0014861469389870763
0.0014858237700536847
0.001486769993789494
0.001486926805227995
0.0014889625599607825
0.0013961181975901127
0.0013986405683681369
0.0013987423153594136
0.001398990978486836
0.0014008870348334312
0.0014308808604255319
0.0014288000529631972
0.001430102507583797
0.0014301962219178677
0.0014299264876171947
0.0014395746402442455
0.0014411085285246372
0.001439773477613926
0.001440982217900455
0.0014410852454602718
0.0014433447504416108
0.001590072177350521
0.001590293599292636
0.0015899554127827287
0.0015895972028374672
0.0015889949863776565
0.0014364960370585322
0.0014345546951517463
0.0014356463216245174
0.0014351187273859978
0.0014354060404002666
0.0016139406943693757
0.0016130160074681044
0.0016137758502736688
0.0016136228805407882
0.0016135018086060882
0.001612955704331398
0.0014215888222679496
0.0014231206150725484
0.0014155317330732942
0.001417383085936308
0.0014160560676828027
0.0014159460552036762
0.0014153319643810391
0.0014162742299959064
0.0015210247365757823
0.0015195017913356423
0.0015197923639789224
0.0015216580359265208
0.0015211474383249879
0.0015226234681904316
0.0014690076932311058
0.0014686010545119643
0.0014691869728267193
0.0014699505409225821
0.0014684110647067428
0.0014686561189591885
0.001453360659070313
0.0014542381977662444
0.0014509024331346154
0.0014528757892549038
0.001452688593417406
0.0015835454687476158
0.0015825774753466249
0.001464353990741074
0.0014645328046754003
0.0014653833350166678
0.0014630971709266305
0.0014631872763857245
0.001463878434151411
0.0017741583287715912
0.001774869509972632
0.0017756873276084661
0.0017763732466846704
0.0017743089701980352
0.0016735463868826628
0.0016697831451892853
0.0016780274454504251
0.0016793266404420137
0.0016715951496735215
0.0016646400326862931
0.0016641097608953714
0.0016659084940329194
0.001551795401610434
0.0015524098416790366
0.0015520440647378564
0.0015501569723710418
0.0017132017528638244
0.0017155191162601113
0.0017122935969382524
0.001936952001415193
0.0019400930032134056
0.0019366912310943007
0.001942266128025949
0.0019412757828831673
0.0015210820129141212
0.001521524041891098
0.0015214144950732589
0.0015204675728455186
0.001520745805464685
0.001521587953902781
0.001964121125638485
0.0019623779226094484
0.001968200784176588
0.001963171875104308
0.001966233132407069
0.001964457565918565
0.001728134579025209
0.001725041656754911
0.0017268626252189279
0.0017245825147256255
0.0017251030076295137
0.0017259536543861032
0.001726054586470127
0.0014362653018906713
0.0014364495873451233
0.001439459971152246
0.001525723491795361
0.0015249053249135613
0.0015246040420606732
0.001526056439615786
0.0015239897184073925
0.001523184939287603
0.0015749050071462989
0.001574767753481865
0.0015726614510640502
0.001574199995957315
0.001575768692418933
0.0015748792793601751
0.0014858338981866837
0.0014866756973788142
0.0014858717331662774
0.0017128732288256288
0.0017134618246927857
0.0017152834916487336
0.001715080114081502
0.0019046332454308867
0.0019031442934647202
0.0019047490786761045
0.0019029829418286681
0.0019026746740564704
0.0016203837003558874
0.0016185942804440856
0.0016196351498365402
0.0016226809239014983
0.0016180049860849977
0.001983045833185315
0.0019868758972734213
0.0019859059248119593
0.0019867499358952045
0.001986771123483777
0.0014915958745405078
0.0014896919019520283
0.0014899511588737369
0.001556133502162993
0.0015589254908263683
0.0015567931113764644
0.0015598117606714368
0.0015606400556862354
0.0015591710107401013
0.0018741916865110397
0.0018743829568848014
0.0017258633160963655
0.0017258707666769624
0.001959275221452117
0.001963431714102626
0.00195777858607471
0.0019605495035648346
0.001688531250692904
0.0016884416108950973
0.001689253724180162
0.0016883311327546835
0.0016883726930245757
0.0016883208882063627
0.001922205789014697
0.0019178797956556082
0.0019219688838347793
0.0019226990407332778
0.0016356809064745903
0.0016351134981960058
0.0016359102446585894
0.0016349354991689324
0.001636581844650209
0.0016348895151168108
0.0016352651873603463
0.0018140196334570646
0.00181718694511801
0.0018139707390218973
0.0018135731806978583
0.0018161134794354439
0.0016534728929400444
0.0016520300414413214
0.0016506367828696966
0.001652469509281218
0.001651332131586969
0.0016509799752384424
0.0017524767899885774
0.001749132527038455
0.0017501730471849442
0.001755829551257193
0.00193107093218714
0.0019311088835820556
0.0019284278387203813
0.0019292017677798867
0.0019306757021695375
0.0019335361430421472
0.0017620446160435677
0.0017663862090557814
0.0017611024668440223
0.0017622712766751647
0.0017657628050073981
0.0017283943016082048
0.001726067392155528
0.0017341980710625648
0.0017299012979492545
0.0017289075767621398
0.001726919086650014
0.0017262805486097932
0.0017243822803720832
0.0017270343378186226
0.0017457343637943268
0.0017335530137643218
0.0017440527444705367
0.001747691072523594
0.001739042461849749
0.0017439564689993858
0.0019323196029290557
0.001932652317918837
0.0019349514041095972
0.0019315279787406325
0.00191444659139961
0.0019176192581653595
0.0019161176169291139
0.0019245045259594917
0.0019156174967065454
0.0019419470336288214
0.0019420923199504614
0.001939669018611312
0.001942165894433856
0.0019414436537772417
0.0019430421525612473
0.0017171386862173676
0.0017173944506794214
0.0017169922357425094
0.0017196179833263159
0.0017173746600747108
0.001717408187687397
0.00170021818485111
0.0016974795144051313
0.001697159605100751
0.0018621024210005999
0.0018562432378530502
0.0018580660689622164
0.0018497118726372719
0.0021116675343364477
0.00211356021463871
0.002071225084364414
0.002069941023364663
0.0020715221762657166
0.0020728050731122494
0.0020677114371210337
0.0020738670136779547
0.0019781296141445637
0.0019778499845415354
0.0019779130816459656
0.0018274668836966157
0.0018250930588692427
0.0018276975024491549
0.0018265772378072143
0.0018277053022757173
0.0015904553001746535
0.0015878304839134216
0.0015957687282934785
0.0015964217018336058
0.001591560780070722
0.001658309018239379
0.0016593846958130598
0.0016565819969400764
0.0016588240396231413
0.0016574714099988341
0.0016581598902121186
0.00136540737003088
0.0013672142522409558
0.0013677243841812015
0.0013717248803004622
0.0013679241528734565
0.001369387493468821
0.001461321604438126
0.001459272694773972
0.001543235033750534
0.0015365685103461146
0.0015411867061629891
0.0015369161264970899
0.0015365107683464885
0.001542766927741468
0.001575979171320796
0.0015793159836903214
0.001578457304276526
0.0015780751127749681
0.0015769877936691046
0.0015201420756056905
0.0015193760627880692
0.0015170978149399161
0.001522268750704825
0.001524097751826048
0.001576906070113182
0.0015729116275906563
0.0015732437605038285
0.0015746110584586859
0.002034873468801379
0.002039150567725301
0.0020362883806228638
0.002036690479144454
0.0018217448377981782
0.0018200145568698645
0.001817537471652031
0.0018292649183422327
0.0018098538275808096
0.0018212661379948258
0.0018217317992821336
0.0014096243539825082
0.0014093294739723206
0.0014081281842663884
0.0014085652073845267
0.0014071770710870624
0.00140836660284549
0.0015027760528028011
0.0015019044512882829
0.001502617378719151
0.0015013382071629167
0.0015015570679679513
0.001807269873097539
0.001798011944629252
0.0014560067793354392
0.001455987337976694
0.0014562425203621387
0.00145746860653162
0.0014570389175787568
0.0016786769265308976
0.0016785350162535906
0.0016721587162464857
0.001675312640145421
0.0016779943834990263
0.001676451414823532
0.001674311002716422
0.0017906719585880637
0.0017921170219779015
0.0017900228267535567
0.001790855429135263
0.0017861233791336417
0.0014318227767944336
0.0014324890216812491
0.001432059216313064
0.0014314112486317754
0.0014355052262544632
0.0014312813291326165
0.001431930810213089
0.0014541026903316379
0.0014518563402816653
0.001454420038498938
0.001453318283893168
0.0015435238601639867
0.001972816651687026
0.001969583099707961
0.0017347773537039757
0.0017350444104522467
0.001734994351863861
0.0017346941167488694
0.0017339903861284256
0.0018741280073300004
0.0018721636151894927
0.0018732547760009766
0.0018720021471381187
0.001991906901821494
0.0019909103866666555
0.00199088710360229
0.0019894088618457317
0.0019905867520719767
0.0014692094409838319
0.0014706189977005124
0.0014720777980983257
0.0014688693918287754
0.0014672246761620045
0.001470012590289116
0.0016968395793810487
0.0016995935002341866
0.0016966520342975855
0.0016978203784674406
0.0016727350885048509
0.0016758075216785073
0.001676768297329545
0.001676599495112896
0.001675483537837863
0.0019767051562666893
0.0019768609199672937
0.001976101892068982
0.001977893291041255
0.0019751752261072397
0.0019756730180233717
0.001801113598048687
0.0017996917013078928
0.0017991566564887762
0.001800649450160563
0.001799799152649939
0.0014944854192435741
0.0014942614361643791
0.0014915745705366135
0.0014953039353713393
0.0015096125425770879
0.0015097215073183179
0.0015086354687809944
0.0015091359382495284
0.0015092557296156883
0.0015118014998733997
0.0014446364948526025
0.0014454940101131797
0.0014479063684120774
0.0014426090056076646
0.0016782988095656037
0.0016775227850303054
0.001675562933087349
0.0016922432696446776
0.001691961893811822
0.0016934539889916778
0.0016936302417889237
0.0016929045086726546
0.00169474259018898
0.0015074880793690681
0.0015096337301656604
0.0015056813135743141
0.0015077524585649371
0.001435316284187138
0.001440959982573986
0.001437108381651342
0.0014382974477484822
0.0014381600776687264
0.0014539820840582252
0.001455998863093555
0.0014571136562153697
0.0014538486720994115
0.001455902005545795
0.0014579839771613479
0.002062263200059533
0.002063718857243657
0.002062614308670163
0.002062835032120347
0.0020634892862290144
0.002064139349386096
0.0018193051218986511
0.0018218312179669738
0.0018179904436692595
0.0018195383017882705
0.0018436353420838714
0.0018444247543811798
0.001846595318056643
0.0018454076489433646
0.0018454703968018293
0.0018458779668435454
0.0018756662029772997
0.0018779992824420333
0.0018773622578009963
0.0018800059333443642
